69
000 0.0769 12.0038
001 0.0783 11.7746
002 0.0796 11.5552
003 0.0810 11.3449
004 0.0823 11.1433
005 0.0837 10.9497
006 0.0850 10.7636
007 0.0863 10.5846
008 0.0876 10.4123
009 0.0889 10.2462
010 0.0902 10.0860
011 0.0915 09.9314
012 0.0927 09.7821
013 0.0940 09.6377
014 0.0953 09.4981
015 0.0965 09.3630
016 0.0977 09.2322
017 0.0990 09.1054
018 0.1002 08.9824
019 0.1014 08.8631
020 0.1026 08.7473
021 0.1038 08.6349
022 0.1050 08.5256
023 0.1062 08.4194
024 0.1073 08.3160
025 0.1085 08.2155
026 0.1097 08.1176
027 0.1108 08.0223
028 0.1120 07.9294
029 0.1131 07.8389
030 0.1143 07.7507
031 0.1154 07.6646
032 0.1165 07.5805
033 0.1177 07.4985
034 0.1188 07.4184
035 0.1199 07.3402
036 0.1210 07.2638
037 0.1221 07.1890
038 0.1232 07.1160
039 0.1243 07.0445
040 0.1254 06.9746
041 0.1265 06.9062
042 0.1276 06.8393
043 0.1286 06.7737
044 0.1297 06.7095
045 0.1308 06.6466
046 0.1318 06.5849
047 0.1329 06.5245
048 0.1340 06.4653
049 0.1350 06.4072
050 0.1361 06.3502
051 0.1371 06.2943
052 0.1381 06.2394
053 0.1392 06.1856
054 0.1402 06.1328
055 0.1412 06.0809
056 0.1422 06.0299
057 0.1433 05.9799
058 0.1443 05.9307
059 0.1453 05.8824
060 0.1463 05.8349
061 0.1473 05.7882
062 0.1483 05.7423
063 0.1493 05.6971
064 0.1503 05.6527
065 0.1513 05.6091
066 0.1523 05.5661
067 0.1533 05.5238
068 0.1543 05.4822
