79
12.0038
11.7746
11.5552
11.3449
11.1433
10.9497
10.7636
10.5846
10.4123
10.2462
10.0860
09.9314
09.7821
09.6377
09.4981
09.3630
09.2322
09.1054
08.9824
08.8631
08.7473
08.6349
08.5256
08.4194
08.3160
08.2155
08.1176
08.0223
07.9294
07.8389
07.7507
07.6646
07.5805
07.4985
07.4184
07.3402
07.2638
07.1890
07.1160
07.0445
06.9746
06.9062
06.8393
06.7737
06.7095
06.6466
06.5849
06.5245
06.4653
06.4072
06.3502
06.2943
06.2394
06.1856
06.1328
06.0809
06.0299
05.9799
05.9307
05.8824
05.8349
05.7882
05.7423
05.6971
05.6527
05.6091
05.5661
05.5238
05.4822
05.4413
05.4010
05.3613
05.3222
05.2837
05.2458
05.2085
05.1717
05.1354
